43 41 29 41 36 27 28 29 22 24 21 16 13 11 11 12 7 3 2 1 0 
16 44 43 39 35 34 30 26 25 7 20 17 7 14 11 8 6 5 3 1 0 
38 43 41 39 31 31 32 31 22 18 21 21 15 12 8 3 7 6 1 1 0 
41 42 34 38 35 32 32 30 13 24 19 17 12 17 10 3 2 7 4 1 0 
42 45 40 29 36 34 31 26 26 25 16 20 17 17 11 9 1 2 2 3 0 
42 45 40 29 36 34 31 26 26 25 16 20 17 17 11 9 1 2 2 3 0 
46 44 36 31 39 36 33 26 24 26 22 19 10 15 11 3 6 3 4 3 0 
42 44 40 37 28 35 14 27 26 19 17 15 17 11 11 3 7 3 2 2 0 
41 37 32 34 35 27 27 25 24 15 9 19 18 11 10 8 1 5 2 1 0 
41 37 32 34 35 27 27 25 24 15 9 19 18 11 10 8 1 5 2 1 0 
44 46 41 35 36 33 28 30 23 25 14 15 9 13 10 8 3 2 1 1 0 
48 38 38 35 37 30 26 24 16 21 10 7 19 5 11 7 6 3 1 1 0 
48 38 38 35 37 30 26 24 16 21 10 7 19 5 11 7 6 3 1 1 0 
49 38 40 31 35 30 30 15 26 24 18 17 16 6 13 5 5 2 1 2 0 
49 38 40 31 35 30 30 15 26 24 18 17 16 6 13 5 5 2 1 2 0 
39 39 42 41 29 34 30 23 13 26 19 20 12 14 10 3 6 1 1 1 0 
48 39 34 24 29 29 26 26 21 16 18 17 7 5 3 6 6 2 1 1 0 
48 39 34 24 29 29 26 26 21 16 18 17 7 5 3 6 6 2 1 1 0 
47 41 41 36 24 35 29 29 19 20 20 14 15 12 12 11 3 4 3 2 0 
46 21 35 37 32 28 30 24 23 21 16 19 9 7 6 6 6 5 1 1 0 
46 21 35 37 32 28 30 24 23 21 16 19 9 7 6 6 6 5 1 1 0 
44 44 34 35 39 34 31 27 24 15 17 8 16 12 2 11 5 1 4 1 0 
45 39 42 39 37 36 23 22 28 26 25 19 12 14 6 10 9 6 3 1 0 
45 39 42 39 37 36 23 22 28 26 25 19 12 14 6 10 9 6 3 1 0 
38 45 37 33 39 29 27 19 21 25 19 13 16 13 12 4 8 4 2 1 0 
41 44 38 27 37 32 29 17 19 23 16 12 8 12 11 2 5 2 3 2 0 
41 44 38 27 37 32 29 17 19 23 16 12 8 12 11 2 5 2 3 2 0 
48 41 39 42 37 27 28 26 19 25 19 3 14 18 9 10 4 1 4 2 0 
42 40 41 25 33 35 22 23 25 25 21 10 15 6 13 6 1 2 1 1 0 
42 40 41 25 33 35 22 23 25 25 21 10 15 6 13 6 1 2 1 1 0 
41 43 35 35 40 31 33 27 22 22 21 21 11 5 5 3 3 1 3 1 0 
41 39 33 31 35 30 33 25 21 18 18 23 15 16 1 7 1 5 2 1 0 
45 41 39 32 37 30 28 32 24 26 21 12 6 16 11 8 10 5 2 1 0 
45 41 39 32 37 30 28 32 24 26 21 12 6 16 11 8 10 5 2 1 0 
39 40 42 33 37 35 31 27 24 25 8 14 15 10 14 6 5 6 2 1 0 
43 36 41 34 34 32 29 16 17 20 23 18 13 8 1 1 6 5 4 1 0 
43 36 41 34 34 32 29 16 17 20 23 18 13 8 1 1 6 5 4 1 0 
44 35 37 41 37 26 26 16 23 17 20 8 10 5 12 6 7 1 1 3 0 
44 43 42 38 32 34 26 30 26 18 19 7 16 13 10 3 5 3 1 3 0 
44 43 42 38 32 34 26 30 26 18 19 7 16 13 10 3 5 3 1 3 0 
45 41 40 33 37 32 25 24 23 23 16 19 9 9 11 11 2 4 2 2 0 
49 45 41 37 33 35 27 26 27 20 20 15 11 16 9 1 2 1 5 3 0 
49 45 41 37 33 35 27 26 27 20 20 15 11 16 9 1 2 1 5 3 0 
49 42 29 38 34 31 27 28 21 26 22 21 9 11 9 7 7 1 3 1 0 
50 39 38 38 33 36 25 27 27 23 18 19 16 13 8 7 3 1 1 3 0 
50 39 38 38 33 36 25 27 27 23 18 19 16 13 8 7 3 1 1 3 0 
48 37 42 34 39 32 28 26 26 17 24 18 15 17 8 10 4 1 1 1 0 
46 38 41 34 32 28 31 30 22 22 22 19 17 9 11 6 7 1 1 2 0 
46 38 41 34 32 28 31 30 22 22 22 19 17 9 11 6 7 1 1 2 0 
42 37 39 41 29 20 26 31 24 26 8 17 11 10 7 4 3 6 3 1 0 
